0.0 0
1.0 2
2.0 5
3.0 14
4.0 10
5.0 17
6.0 15
7.0 18
8.0 23
9.0 26
10.0 24
11.0 26
12.0 26
13.0 19
14.0 30
15.0 19
16.0 16
17.0 13
18.0 17
19.0 16
20.0 16
21.0 17
22.0 12
23.0 7
24.0 9
25.0 10
26.0 8
27.0 8
28.0 8
29.0 7
30.0 8
31.0 11
32.0 7
33.0 7
34.0 4
35.0 9
36.0 5
37.0 7
38.0 2
39.0 5
40.0 7
41.0 9
42.0 3
43.0 3
44.0 2
45.0 0
46.0 3
47.0 2
48.0 3
49.0 3
50.0 2
51.0 4
52.0 0
53.0 1
54.0 2
55.0 2
56.0 3
57.0 4
58.0 3
59.0 1
60.0 1
61.0 1
62.0 2
63.0 0
64.0 1
65.0 2
66.0 1
67.0 4
68.0 1
69.0 3
70.0 2
71.0 2
72.0 0
73.0 1
74.0 1
75.0 1
76.0 1
77.0 0
78.0 0
79.0 1
80.0 1
81.0 5
82.0 1
83.0 1
84.0 0
85.0 0
86.0 1
87.0 0
88.0 0
89.0 1
90.0 0
91.0 1
92.0 1
93.0 1
94.0 1
95.0 0
96.0 0
97.0 2
98.0 0
