0.0 4
1.0 9
2.0 19
3.0 21
4.0 24
5.0 15
6.0 31
7.0 44
8.0 50
9.0 52
10.0 52
11.0 51
12.0 51
13.0 68
14.0 57
15.0 51
16.0 60
17.0 44
18.0 29
19.0 35
20.0 29
21.0 28
22.0 24
23.0 28
24.0 25
25.0 22
26.0 15
27.0 13
28.0 17
29.0 16
30.0 16
31.0 18
32.0 16
33.0 14
34.0 18
35.0 14
36.0 15
37.0 12
38.0 13
39.0 11
40.0 13
41.0 13
42.0 17
43.0 13
44.0 6
45.0 6
46.0 9
47.0 10
48.0 14
49.0 12
50.0 4
51.0 10
52.0 4
53.0 7
54.0 4
55.0 2
56.0 3
57.0 3
58.0 3
59.0 3
60.0 3
61.0 2
62.0 4
63.0 4
64.0 5
65.0 5
66.0 7
67.0 2
68.0 5
69.0 1
70.0 3
71.0 3
72.0 3
73.0 2
74.0 3
75.0 2
76.0 1
77.0 1
78.0 2
79.0 1
80.0 0
81.0 1
82.0 1
83.0 2
84.0 1
85.0 3
86.0 4
87.0 2
88.0 1
89.0 1
90.0 2
91.0 2
92.0 3
93.0 3
94.0 1
95.0 1
96.0 1
97.0 1
98.0 1
99.0 2
100.0 0
101.0 0
102.0 0
103.0 1
104.0 0
105.0 0
106.0 0
107.0 0
108.0 1
109.0 2
110.0 0
111.0 0
112.0 0
113.0 0
114.0 1
115.0 1
116.0 2
117.0 0
118.0 0
119.0 0
120.0 0
121.0 0
122.0 0
123.0 1
124.0 1
125.0 2
126.0 2
127.0 0
128.0 1
129.0 0
130.0 0
131.0 0
132.0 0
133.0 0
134.0 0
135.0 0
136.0 0
137.0 0
138.0 0
139.0 0
140.0 0
141.0 0
142.0 0
143.0 0
144.0 0
145.0 0
146.0 0
147.0 0
148.0 0
149.0 0
150.0 0
151.0 0
152.0 0
153.0 0
154.0 0
155.0 0
156.0 0
157.0 0
158.0 0
159.0 0
160.0 0
161.0 0
162.0 0
163.0 0
164.0 0
165.0 0
166.0 0
167.0 0
168.0 0
169.0 0
170.0 0
171.0 0
172.0 0
173.0 0
174.0 0
175.0 0
176.0 0
177.0 0
178.0 0
179.0 1
180.0 0
181.0 0
182.0 1
183.0 0
184.0 0
185.0 0
186.0 0
187.0 0
188.0 0
189.0 0
190.0 0
191.0 0
192.0 0
193.0 0
194.0 0
195.0 0
196.0 0
197.0 0
198.0 0
199.0 0
200.0 0
201.0 0
202.0 0
203.0 0
204.0 0
205.0 0
206.0 0
207.0 0
208.0 0
209.0 0
210.0 0
211.0 0
212.0 0
213.0 0
214.0 0
215.0 0
216.0 0
217.0 0
218.0 0
219.0 0
220.0 0
221.0 0
222.0 0
223.0 0
224.0 0
225.0 0
226.0 0
227.0 0
228.0 0
229.0 0
230.0 0
231.0 0
232.0 0
233.0 0
234.0 0
235.0 0
236.0 0
237.0 0
238.0 0
239.0 0
240.0 0
241.0 0
242.0 0
243.0 0
244.0 0
245.0 0
246.0 0
247.0 0
248.0 0
249.0 0
250.0 0
251.0 0
252.0 0
253.0 0
254.0 0
255.0 0
256.0 0
257.0 1
258.0 0
